-6377097066863273536
-6377097066863272338
-6377097066863270243
-6377097066863270210
-6377097066863270206
-6377097066863270204
-6377097066863270202
-6377097066863270198
-6377097066863270192
-6377097066863270184
-6377097066863270166
-6377097066863270164
-6377097066863270162
-6377097066863270160
-6377097066863270156
-6377097066863270154
-6377097066863270152
-6377097066863270150
-6377097066863270144
-6377097066863270142
-6377097066863270140
-6377097066863270138
-6377097066863270136
-6377097066863270130
-6377097066863270128
-6377097066863270126
-6377097066863270120
-6377097066863270118
-6377097066863270116
-6377097066863270112
-6377097066863270110
-6377097066863270108
-6377097066863270106
-6377097066863270104
-6377097066863270100
-6377097066863270098
-6377097066863270092
-6377097066863270090
-6377097066863270088
-6377097066863270084
-6377097066863270082
-6377097066863270080
-6377097066863270076
-6377097066863270074
-6377097066863270066
-6377097066863270064
-6377097066863270060
-6377097066863270058
-6377097066863270054
-6377097066863270052
-6377097066863270050
-6377097066863270046
-6377097066863270044
-6377097066863270042
-6377097066863270040
-6377097066863270040
-6377097066863270036
-6377097066863270034
-6377097066863270032
-6377097066863270024
-6377097066863270022
-6377097066863270016
-6377097066863270012
-6377097066863270010
-6377097066863270008
-6377097066863270006
-6377097066863269996
-6377097066863269994
-6377097066863269992
-6377097066863269990
-6377097066863269988
-6377097066863269986
-6377097066863269968
-6377097066863269962
-6377097066863269960
-6377097066863269958
-6377097066863269954
-6377097066863269950
-6377097066863269940
-6377097066863269938
-6377097066863269934
-6377097066863269932
-6377097066863269930
