2024-05-01 BUS -6377097067162001145 / 007 | 161 | 159 | 053 | 001 | 000 | 128 | 167 / 07a19f35010080a7 / 00000111 | 10100001 | 10011111 | 00110101 | 00000001 | 00000000 | 10000000 | 10100111 
2024-05-01 CXL -6377097067162001211 / 197 | 160 | 159 | 053 | 001 | 000 | 128 | 167 / c5a09f35010080a7 / 11000101 | 10100000 | 10011111 | 00110101 | 00000001 | 00000000 | 10000000 | 10100111 

2024-05-07 151 -6377097067156174222 / 114 | 138 | 248 | 053 | 001 | 000 | 128 | 167 / 728af835010080a7 / 01110010 | 10001010 | 11111000 | 00110101 | 00000001 | 00000000 | 10000000 | 10100111  
2024-05-15 151 -6377097067149447290 / 134 | 047 | 095 | 054 | 001 | 000 | 128 | 167 / 862f5f36010080a7 / 10000110 | 00101111 | 01011111 | 00110110 | 00000001 | 00000000 | 10000000 | 10100111 

2024-05-14 153 -6377097067149447286 / 138 | 047 | 095 | 054 | 001 | 000 | 128 | 167 / 8a2f5f36010080a7 / 10001010 | 00101111 | 01011111 | 00110110 | 00000001 | 00000000 | 10000000 | 10100111 
2024-05-15 153 -6377097067149447286 / 138 | 047 | 095 | 054 | 001 | 000 | 128 | 167 / 8a2f5f36010080a7 / 10001010 | 00101111 | 01011111 | 00110110 | 00000001 | 00000000 | 10000000 | 10100111
2024-05-16 153 -6377097067146489119 / 225 | 082 | 140 | 054 | 001 | 000 | 128 | 167 / e1528c36010080a7 / 11100001 | 01010010 | 10001100 | 00110110 | 00000001 | 00000000 | 10000000 | 10100111 
 
2024-05-07 154 -6377097067156174216 / 120 | 138 | 248 | 053 | 001 | 000 | 128 | 167 / 788af835010080a7 / 01111000 | 10001010 | 11111000 | 00110101 | 00000001 | 00000000 | 10000000 | 10100111 
2024-05-03 402 -6377097067159065238 / 106 | 109 | 204 | 053 | 001 | 000 | 128 | 167 / 6a6dcc35010080a7 / 01101010 | 01101101 | 11001100 | 00110101 | 00000001 | 00000000 | 10000000 | 10100111 

2024-01-08 406 -6377097067277606984 / 184 | 159 | 187 | 046 | 001 | 000 | 128 | 167 / b89fbb2e010080a7 / 10111000 | 10011111 | 10111011 | 00101110 | 00000001 | 00000000 | 10000000 | 10100111 
2024-05-06 406 -6377097067156174166 / 170 | 138 | 248 | 053 | 001 | 000 | 128 | 167 / aa8af835010080a7 / 10101010 | 10001010 | 11111000 | 00110101 | 00000001 | 00000000 | 10000000 | 10100111 
2024-05-08 406 -6377097067156174166 / 170 | 138 | 248 | 053 | 001 | 000 | 128 | 167 / aa8af835010080a7 / 10101010 | 10001010 | 11111000 | 00110101 | 00000001 | 00000000 | 10000000 | 10100111
 
2024-05-14 407 -6377097067149447232 / 192 | 047 | 095 | 054 | 001 | 000 | 128 | 167 / c02f5f36010080a7 / 11000000 | 00101111 | 01011111 | 00110110 | 00000001 | 00000000 | 10000000 | 10100111
 
2024-05-01 411 -6377097067162001239 / 169 | 160 | 159 | 053 | 001 | 000 | 128 | 167 / a9a09f35010080a7 / 10101001 | 10100000 | 10011111 | 00110101 | 00000001 | 00000000 | 10000000 | 10100111 
2024-05-14 411 -6377097067149447224 / 200 | 047 | 095 | 054 | 001 | 000 | 128 | 167 / c82f5f36010080a7 / 11001000 | 00101111 | 01011111 | 00110110 | 00000001 | 00000000 | 10000000 | 10100111
2024-05-16 411 -6377097067146488911 / 177 | 083 | 140 | 054 | 001 | 000 | 128 | 167 / b1538c36010080a7 / 10110001 | 01010011 | 10001100 | 00110110 | 00000001 | 00000000 | 10000000 | 10100111 
 
2024-05-01 421 -6377097067162001209 / 199 | 160 | 159 | 053 | 001 | 000 | 128 | 167 / c7a09f35010080a7 / 11000111 | 10100000 | 10011111 | 00110101 | 00000001 | 00000000 | 10000000 | 10100111 
2024-05-01 422 -6377097067162001207 / 201 | 160 | 159 | 053 | 001 | 000 | 128 | 167 / c9a09f35010080a7 / 11001001 | 10100000 | 10011111 | 00110101 | 00000001 | 00000000 | 10000000 | 10100111 
2024-05-08 423 -6377097067156174142 / 194 | 138 | 248 | 053 | 001 | 000 | 128 | 167 / c28af835010080a7 / 11000010 | 10001010 | 11111000 | 00110101 | 00000001 | 00000000 | 10000000 | 10100111 
2024-05-01 426 -6377097067162001199 / 209 | 160 | 159 | 053 | 001 | 000 | 128 | 167 / d1a09f35010080a7 / 11010001 | 10100000 | 10011111 | 00110101 | 00000001 | 00000000 | 10000000 | 10100111 
2024-05-01 436 -6377097067162001179 / 229 | 160 | 159 | 053 | 001 | 000 | 128 | 167 / e5a09f35010080a7 / 11100101 | 10100000 | 10011111 | 00110101 | 00000001 | 00000000 | 10000000 | 10100111 
